421735
421538
421496
421492
421462
421457
421454
421439
421436
421430
421425
421396
421342
421319
421302
421293
421275
421259
421252
421249
421248
421247
421242
421216
421214
421180
421179
421140
421134
421120
421096
421095
421057
421018
421002
420996
420990
420968
420928
420924
420917
420851
420849
420848
420819
420771
420759
420755
420747
420732
420729
420719
420707
420697
420696
420691
420682
420641
420635
420626
420568
420551
420547
420529
420524
420518
420494
420470
420469
420467
420464
420411
420410
420402
420396
420386
420380
420356
420354
420351
420344
420343
420341
420339
420335
420332
420331
420324
420231
420220
420219
420211
420173
420161
420150
420127
420114
420093
420086
420077
420074
420063
420033
420023
420022
420010
419977
419970
419968
419896
419895
419883
419875
419866
419865
419863
419833
419832
419817
419755
419745
419724
419711
419710
419708
419706
419705
419704
419703
419702
419693
419692
419680
419655
419645
419644
419628
419627
419623
419621
419618
419614
419599
419589
419584
419567
419536
419535
419532
419531
419520
419507
419506
419498
419494
419487
419472
419456
419453
419450
419430
419421
419412
419411
419409
419395
419367
419353
419337
419312
419291
419286
419280
419261
419254
419253
419248
419243
419224
419201
419197
419190
419161
419150
419148
419147
419131
419128
419127
419103
419099
419076
419071
419067
419066
419050
419026
419019
418998
418994
418961
418960
418944
418941
418931
418924
418923
418917
418904
418901
418892
418873
418863
418858
418856
418807
418805
418804
418798
418797
418796
418753
418745
418744
418726
418718
418714
418698
418677
418669
418660
418657
418656
418653
418651
418647
418633
418629
418618
418597
418585
418566
418565
418519
418517
418511
418504
418500
418499
418492
418477
418465
418452
418442
418432
418428
418426
418421
418416
418415
418405
418397
418395
418394
418381
418379
418372
418366
418353
418343
418342
418331
418322
418281
418267
418266
418263
418260
418223
418218
418217
418194
418187
418142
418141
418138
418128
418121
418120
418108
418076
418064
418032
418029
418027
418009
417994
417981
417980
417979
417978
417938
417911
417898
417879
417871
417866
417863
417845
417843
417842
417841
417840
417820
417819
417817
417813
417805
417796
417794
417786
417752
417710
417699
417691
417689
417688
417668
417667
417653
417628
417626
417620
417618
417602
417601
417581
417580
417567
417535
417529
417511
417510
417505
417483
417482
417467
417461
417445
417441
417395
417386
417385
417362
417355
417354
417321
417309
417293
417288
417280
417238
417236
417222
417212
417211
417201
417180
417178
417177
417173
417152
417130
417129
417115
417114
417113
417107
417089
417067
417062
417058
417043
417037
417023
417014
416987
416981
416964
416947
416941
416937
416934
416925
416922
416919
416891
416890
416889
416888
416880
416873
416869
416851
416848
416843
416840
416827
416826
416819
416809
416808
416805
416785
416784
416780
416762
416758
416736
416730
416707
416627
416623
416601
416545
416529
416523
416506
416487
416486
416481
416476
416450
416449
416442
416425
416424
416415
416410
416375
416347
416321
416320
416293
416280
416272
416231
416221
416214
416194
416180
416170
416145
416144
416132
416118
416117
416112
416110
416107
416106
416096
416091
416089
416087
416073
416066
416054
416029
416015
416013
415975
415966
415956
415951
415911
415889
415884
415883
415861
415856
415846
415826
415804
415800
415797
415758
415757
415754
415751
415747
415746
415700
415698
415689
415687
415626
415607
415602
415581
415575
415572
415562
415553
415522
415520
415517
415510
415502
415471
415398
415397
415395
415392
415373
415358
415357
415356
415354
415346
415340
415337
415305
415293
415267
415258
415257
415243
415242
415194
415191
415158
415148
415138
415121
415112
415104
415065
415062
415060
415059
415052
415050
415045
415043
415041
415040
415034
415018
415001
414998
414996
414995
414968
414952
414937
414919
414914
414912
414890
414888
414872
414871
414863
414861
414860
414859
414822
414804
414795
414793
414788
414778
414777
414773
414757
414748
414729
414688
414686
414683
414667
414662
414657
414651
414648
414645
414640
414624
414600
414582
414570
414568
414558
414546
414542
414536
414534
414472
414471
414470
414454
414444
414440
414424
414411
414408
414400
414386
414385
414343
414306
414268
414267
414226
414225
414219
414206
414194
414193
414161
414153
414152
414140
414138
414112
414111
414102
414082
414075
414066
414052
414049
414042
414040
414028
414027
414014
414010
414007
414001
413968
413967
413966
413960
413950
413939
413935
413907
413906
413858
413855
413834
413833
413829
413823
413810
413789
413781
413776
413763
413757
413738
413730
413701
413697
413680
413671
413670
413668
413667
413651
413619
413616
413612
413596
413593
413592
413586
413585
413572
413563
413554
413551
413539
413534
413524
413509
413508
413494
413475
413472
413451
413429
413418
413412
413393
413385
413365
413359
413336
413321
413304
413293
413265
413260
413251
413242
413237
413224
413205
413191
413190
413186
413181
413179
413178
413169
413160
413159
413158
413153
413140
413118
413108
413097
413064
413044
413038
413035
413027
413021
413020
413017
413015
413013
413007
413006
412963
412948
412892
412885
412884
412876
412870
412866
412842
412814
412808
412796
412795
412770
412768
412765
412764
412737
412723
412721
412717
412715
412707
412705
412670
412648
412647
412642
412635
412633
412625
412597
412590
412585
412560
412548
412543
412541
412538
412528
412516
412502
412484
412477
412470
412448
412443
412442
412441
412439
412422
412397
412383
412381
412367
412363
412359
412343
412337
412336
412331
412327
412326
412323
412316
412314
412297
412287
412280
412238
412214
412200
412189
412183
412181
412180
412173
412159
412151
412147
412140
412139
412117
412116
412062
412061
412033
412024
412019
412007
412002
412000
411983
411981
411962
411947
411946
411912
411903
411862
411836
411829
411824
411818
411817
411814
411733
411730
411688
411674
411635
411610
411602
411595
411592
411587
411585
411583
411571
411569
411565
411561
411560
411531
411530
411516
411515
411514
411508
411500
411496
411488
411487
411483
411480
411479
411475
411446
411444
411410
411409
411405
411387
411368
411345
411344
411334
411328
411323
411306
411281
411270
411244
411243
411242
411239
411219
411217
411202
411190
411189
411173
411172
411165
411164
411143
411126
411123
411120
411114
411112
411109
411105
411104
411102
411047
411042
411041
411028
411019
411004
410998
410997
410992
410980
410976
410975
410949
410934
410894
410887
410881
410866
410860
410859
410846
410829
410827
410813
410811
410810
410806
410800
410798
410788
410775
410771
410770
410767
410758
410757
410750
410743
410728
410705
410704
410699
410698
410695
410694
410677
410648
410641
410619
410614
410604
410591
410589
410585
410582
410575
410574
410559
410555
410534
410530
410527
410513
410511
410510
410508
410504
410503
410501
410486
410483
410473
410466
410460
410459
410433
410423
410422
410419
410408
410407
410399
410389
410387
410381
410323
410321
410299
410298
410294
410291
410280
410258
410255
410248
410239
410233
410231
410217
410212
410201
410199
410198
410197
410196
410195
410194
410193
410189
410188
410186
410185
410174
410168
410151
410150
410149
410139
410128
410119
410118
410117
410116
410114
410103
410102
410093
410088
410087
410053
410041
410033
410012
409993
409992
409986
409961
409958
409954
409949
409928
409908
409892
409891
409875
409870
409853
409851
409837
409831
409830
409816
409802
409801
409798
409795
409790
409783
409778
409777
409775
409774
409759
409754
409740
409738
409735
409734
409733
409726
409723
409714
409713
409712
409711
409699
409671
409667
409646
409645
409636
409634
409628
409626
409625
409617
409616
409609
409592
409577
409572
409558
409545
409519
409518
409509
409494
409493
409491
409487
409483
409473
409457
409455
409451
409440
409439
409436
409428
409420
409403
409402
409401
409372
409359
409357
409356
409350
409341
409329
409323
409322
409321
409320
409302
409278
409269
409261
409254
409251
409243
409242
409234
409231
409230
409216
409201
409198
409197
409195
409189
409175
409158
409137
409115
409095
409032
409006
409000
408999
408983
408976
408968
408963
408962
408950
408892
408888
408886
408844
408833
408831
408830
408827
408803
408802
408801
408800
408787
408784
408783
408774
408759
408739
408703
408697
408690
408682
408676
408674
408670
408669
408658
408657
408656
408641
408639
408638
408617
408615
408586
408585
408552
408529
408524
408510
408496
408449
408446
408443
408419
408415
408414
408398
408393
408377
408351
408340
408333
408327
408326
408294
408291
408283
408256
408235
408227
408213
408201
408179
408168
408158
408133
408117
408102
408101
408089
408079
408078
408058
408028
408015
408004
408002
407998
407987
407985
407979
407963
407962
407960
407951
407945
407944
407943
407942
407928
407927
407912
407911
407885
407877
407847
407842
407841
407826
407825
407821
407809
407808
407804
407802
407789
407788
407776
407775
407774
407768
407767
407766
407765
407726
407725
407724
407721
407698
407697
407696
407677
407659
407645
407636
407617
407616
407602
407597
407573
407551
407550
407545
407535
407534
407510
407508
407500
407497
407493
407474
407464
407460
407450
407447
407446
407445
407431
407413
407409
407402
407382
407380
407379
407378
407372
407353
407350
407349
407348
407347
407335
407334
407327
407326
407323
407315
407263
407262
407257
407254
407249
407228
407219
407211
407202
407196
407192
407191
407190
407189
407188
407171
407169
407139
407120
407118
407094
407092
407076
407061
407045
407021
407015
407014
407013
407012
407008
407003
406997
406975
406960
406954
406940
406919
406906
406881
406872
406856
406841
406837
406789
406776
406762
406739
406738
406711
406701
406696
406693
406678
406676
406671
406659
406650
406635
406630
406628
406587
406570
406568
406550
406547
406546
406535
406526
406520
406513
406469
406465
406464
406462
406458
406447
406446
406443
406392
406384
406322
406316
406238
406235
406231
406209
406202
406188
406179
406178
406173
406162
406155
406154
406153
406152
406149
406146
406133
406132
406131
406126
406124
406106
406097
406096
406095
406094
406088
406071
406068
406051
406037
406036
406033
406003
406000
405988
405982
405980
405954
405933
405926
405878
405873
405872
405866
405864
405862
405824
405815
405810
405748
405733
405732
405728
405727
405724
405723
405707
405706
405701
405700
405698
405693
405685
405659
405646
405629
405606
405545
405544
405505
405490
405479
405478
405477
405476
405475
405474
405467
405433
405423
405419
405418
405386
405383
405350
405338
405333
405332
405324
405315
405287
405285
405284
405279
405270
405269
405237
405234
405232
405222
405206
405203
405201
405182
405174
405167
405162
405156
405143
405142
405132
405116
405108
405099
405077
405075
405063
405042
405028
405019
405009
404983
404973
404970
404962
404903
404880
404877
404876
404873
404871
404811
404795
404784
404783
404759
404720
404682
404681
404653
404651
404648
404641
404638
404592
404591
404578
404557
404544
404519
404518
404504
404503
404480
404461
404460
404458
404457
404453
404438
404414
404413
404394
404381
404368
404357
404351
404347
404346
404328
404318
404317
404311
404308
404303
404299
404298
404294
404285
404267
404264
404260
404224
404216
404213
404206
404196
404195
404194
404186
404178
404173
404135
404106
404103
404085
404084
404083
404082
404067
404064
404050
404049
404043
404035
404021
404016
404008
403989
403988
403987
403986
403981
403980
403941
403939
403915
403905
403903
403901
403884
403869
403868
403867
403841
403826
403824
403803
403770
403769
403763
403748
403746
403736
403722
403716
403714
403702
403691
403690
403686
403676
403675
403671
403670
403667
403632
403631
403607
403592
403591
403590
403571
403546
403528
403525
403476
403471
403459
403458
403457
403443
403442
403417
403414
403396
403395
403394
403392
403391
403387
403378
403341
403324
403287
403245
403212
403201
403176
403162
403129
403121
403098
403067
403063
403051
403050
403049
403014
403012
403001
403000
402999
402965
402961
402960
402946
402945
402944
402943
402942
402941
402912
402894
402889
402856
402835
402828
402814
402811
402784
402777
402748
402732
402697
402696
402695
402694
402693
402663
402625
402621
402604
402602
402601
402599
402598
402589
402586
402575
402568
402567
402566
402564
402561
402554
402553
402547
402541
402500
402492
402467
402460
402456
402455
402440
402435
402395
402364
402249
402232
402217
402216
402196
402188
402180
402175
402174
402173
402167
402153
402148
402107
402100
402099
402091
402088
402078
402069
402061
402059
402058
402056
402052
402050
402049
402048
402038
401994
401984
401979
401978
401977
401963
401962
401961
401951
401938
401937
401929
401913
401899
401898
401896
401876
401861
401819
401731
401712
401711
401689
401682
401681
401675
401667
401642
401620
401618
401614
401613
401612
401611
401588
401587
401574
401567
401566
401564
401492
401491
401477
401450
401449
401448
401445
401443
401436
401435
401414
401410
401395
401380
401379
401378
401374
401361
401331
401324
401310
401277
401274
401272
401271
401268
401267
401266
401265
401259
401251
401250
401231
401221
401217
401216
401205
401195
401194
401193
401191
401190
401189
401188
401186
401184
401183
401182
401181
401175
401174
401173
401171
401167
401166
401152
401151
401150
401144
401143
401139
401127
401078
401069
401030
401017
401016
401012
401010
